all_theta =

 Columns 1 through 12:

  -3.32155   0.00000   0.00000   0.00009  -0.00081  -0.00088   0.00142  -0.01753  -0.00106   0.00056   0.00047   0.00007
  -3.25331   0.00000   0.00000  -0.00003   0.00040  -0.00092  -0.01640  -0.00912  -0.01320  -0.00159  -0.00860  -0.00324
  -4.93715   0.00000   0.00000  -0.00001  -0.00012   0.00339   0.01381  -0.01986  -0.00621  -0.00090  -0.00948  -0.00290
  -2.38225   0.00000   0.00000  -0.00001  -0.00002   0.00148  -0.00093   0.00114   0.05630   0.04287   0.07249   0.02202
   0.61941   0.00000   0.00000  -0.00000   0.00008  -0.00084  -0.00753  -0.00319  -0.01537  -0.00925  -0.00140   0.00011
  -3.63839   0.00000   0.00000  -0.00000   0.00002  -0.00013  -0.00025  -0.00144  -0.00106  -0.00020  -0.00042  -0.00014
  -2.09881   0.00000   0.00000  -0.00003   0.00018   0.00082   0.00472   0.04835   0.00323  -0.00257  -0.00600  -0.00214
  -8.13639   0.00000   0.00000  -0.00000   0.00005   0.00008  -0.00018  -0.00696  -0.00598   0.00051   0.00007   0.00001
  -5.14065   0.00000   0.00000  -0.00000   0.00002   0.00037  -0.00537  -0.00371  -0.00059  -0.01604  -0.00884  -0.00021
  -6.05716   0.00000   0.00000  -0.00000  -0.00001   0.00013   0.00091   0.00003  -0.00051  -0.00089  -0.00166  -0.00033

 Columns 13 through 24:

   0.00040   0.00179   0.00155   0.00426   0.00561   0.00047  -0.00008  -0.00000   0.00000  -0.00000   0.00001  -0.00111
   0.00402   0.00546   0.00239  -0.00499  -0.00244   0.00387  -0.00012  -0.00002   0.00000  -0.00000  -0.00001   0.00062
  -0.00351  -0.01301   0.01711   0.02831  -0.00227  -0.00070  -0.00001   0.00001   0.00000  -0.00000   0.00000   0.00043
  -0.00331   0.00494   0.03024   0.01145  -0.00044   0.00022   0.00003  -0.00000   0.00000  -0.00000   0.00010  -0.00009
   0.00179   0.00845  -0.03898  -0.06158   0.00004   0.00094   0.00000  -0.00001   0.00000  -0.00000  -0.00001  -0.00065
   0.00008   0.00009   0.00036   0.00053   0.00012   0.00002   0.00000  -0.00000   0.00000   0.00000  -0.00001  -0.00001
   0.00017   0.00048  -0.00449  -0.00168   0.00032   0.00003   0.00000  -0.00000   0.00000  -0.00000   0.00000   0.00028
   0.00004   0.00014   0.00061   0.00168   0.00127   0.00017   0.00001  -0.00000   0.00000  -0.00000  -0.00001   0.00007
   0.00104   0.00166   0.00307   0.00346   0.00114   0.00091   0.00013  -0.00002   0.00000  -0.00000  -0.00001  -0.00001
   0.00034   0.00058   0.00631   0.00557   0.00000   0.00002   0.00000  -0.00000   0.00000  -0.00000  -0.00001  -0.00000

 Columns 25 through 36:

   0.00923   0.01059   0.00201  -0.02346   0.00011   0.00071  -0.00931  -0.00117  -0.00448  -0.01959  -0.01153  -0.03846
  -0.00415   0.01338   0.15339  -0.08648  -0.17898  -0.03110  -0.03375  -0.02952  -0.06490  -0.06261  -0.02646   0.03669
  -0.00349  -0.01219  -0.04839  -0.11640  -0.08360  -0.06484  -0.06089  -0.03491   0.04783   0.12729  -0.23020  -0.33901
  -0.00802  -0.04280  -0.00560  -0.11864  -0.73586  -0.27258  -0.03363   0.07555   0.05104   0.02306  -0.28330  -0.11722
   0.00688   0.02024   0.02507  -0.00174  -0.07418  -0.04649  -0.02404   0.00451  -0.01473  -0.09381   0.42472   0.67924
  -0.00026   0.00842   0.01108   0.00111   0.00376   0.01198   0.00896   0.01120   0.00256   0.01408   0.00690   0.00082
  -0.00173  -0.01144  -0.11239   0.10689   0.21067   0.11830   0.06063   0.00676  -0.02861  -0.04822   0.04548   0.03592
  -0.00002   0.00035   0.00935  -0.00094  -0.02679  -0.03545  -0.01926   0.00431   0.00203  -0.00154  -0.00079  -0.00397
   0.00114  -0.00421  -0.00152  -0.01127  -0.08667  -0.17352  -0.06618  -0.00410  -0.01755  -0.01923  -0.01877  -0.02603
   0.00143   0.00185  -0.01000   0.00161   0.00421   0.00067   0.01333   0.01270   0.01366   0.00905  -0.04904  -0.05990

 Columns 37 through 48:

  -0.05264   0.00616   0.00965   0.00032   0.00017   0.00000  -0.00028   0.00032   0.02661   0.06579   0.09801   0.09655
   0.02509  -0.04716   0.00621   0.00114   0.00009   0.00000   0.00029   0.00340  -0.01962  -0.34343  -0.26944  -0.38893
   0.01558  -0.01291  -0.03233  -0.00473   0.00060   0.00000  -0.00013  -0.00683   0.06211   0.38340   0.81454   0.68864
   0.01117   0.00026   0.00124   0.00060   0.00021  -0.00002  -0.00126   0.01036   0.09313   0.23025   0.00009  -0.21757
  -0.00253  -0.01156  -0.00394   0.00023   0.00002   0.00000  -0.00002   0.00986  -0.07406  -0.34002  -0.69175  -0.85775
   0.00145   0.00062   0.00013   0.00003   0.00001  -0.00001   0.00015  -0.00125   0.01175  -0.07823  -0.40234  -0.20380
   0.00891   0.01432   0.00847  -0.00084   0.00047   0.00000  -0.00001  -0.00041   0.00352  -0.00765   0.31372   0.18667
   0.00754   0.01546   0.00923   0.00057   0.00034   0.00000  -0.00008   0.00025   0.00711   0.00660  -0.08042  -0.20092
  -0.00838  -0.00668   0.00286  -0.00119  -0.00178   0.00000   0.00002   0.00028  -0.00311  -0.04821  -0.12732  -0.17697
  -0.00857   0.00695   0.00578  -0.00023   0.00001   0.00000   0.00005   0.00001  -0.00612  -0.02335  -0.06118  -0.10493

 Columns 49 through 60:

  -0.05759  -0.08775  -0.02305  -0.03890  -0.00531  -0.06001  -0.17001  -0.27730  -0.21554  -0.04495   0.05143   0.00073
  -0.45168  -0.27521   0.06784   0.44503   0.64154  -0.05065  -1.01662  -0.42197   0.13640  -0.35338  -0.07965   0.03663
   0.31789  -0.09655  -0.07106  -0.13370  -0.20442   0.34351   0.69352   0.35764   0.24743   0.38934   0.63273   0.03091
  -1.79967  -1.74441  -0.44612   0.21064  -0.91718  -1.49892  -1.27371  -0.29500  -0.02175  -0.03548  -0.02852   0.00562
  -0.26106  -0.11973   0.01196   0.00538  -0.07832  -0.20892   0.82636   1.32504  -0.33716  -0.21085   0.00739   0.00215
  -0.36752  -0.63765  -0.53179  -0.27738  -0.10773  -0.15626  -0.12058  -0.08399  -0.00023  -0.00050  -0.00133  -0.00010
   2.07534   3.11902   2.08893   1.01264   1.02239   0.38891  -0.17522  -0.32970  -0.38042  -0.28183  -0.19430  -0.02746
  -0.17885  -0.03768   0.02382  -0.03049   0.00294  -0.06286  -0.26352  -0.49960  -0.39919  -0.18183  -0.10721  -0.00003
  -0.90035  -1.41309  -0.50693  -0.13819  -0.18627  -0.10310  -0.08261  -0.04494  -0.09693  -0.06162  -0.10733   0.02123
  -0.17501  -0.26023  -0.28282  -0.40358  -0.51044  -0.39862  -0.68393  -0.41722   0.06189  -0.05859  -0.07635   0.01002

 Columns 61 through 72:

  -0.00039   0.00000   0.00136   0.00483  -0.16802  -0.61478  -0.95596  -1.29475  -0.76455  -0.84552  -0.07809   0.34442
  -0.00303   0.00016  -0.00003  -0.04690   0.07525   0.11533   0.25910   0.51425   0.56946   0.09982  -1.41183  -0.30531
  -0.00470   0.00000   0.00108  -0.02834   0.09505   0.58078   0.42090   0.37127  -0.12154  -0.67691  -0.53960  -0.53506
   0.00033   0.00010   0.00050  -0.06734   0.11768   0.96317   0.21116   0.96175  -0.35674  -0.12187   0.87945   0.86713
   0.00021   0.00001   0.00120   0.03452  -0.43007  -1.14165  -1.49288  -0.91619  -0.29579  -0.16014  -0.54988  -0.68082
  -0.00014  -0.00008  -0.00010   0.01922  -0.06508  -0.65740  -0.50907  -0.16534  -0.53179  -0.26827   0.82649   0.67694
  -0.00236   0.00000  -0.00000   0.00848  -0.06046  -0.45326   0.29694  -0.11122   1.46117   1.11785   1.11782   0.41032
  -0.00411   0.00000   0.00130  -0.00206  -0.12251  -0.23793  -0.73561  -0.81893   0.21894   0.90905   0.57873  -0.51015
   0.03264   0.00000   0.00046   0.00146  -0.05747  -0.24692  -0.58055  -0.73981  -0.98520  -0.58506  -0.22350  -0.04651
   0.00206   0.00000   0.00071   0.00133  -0.08809  -0.19961  -0.28762  -0.52849  -0.47370  -0.29510   0.05292   0.41467

